 0.000000  0.000000  0.214286  0.785714 
 0.000000  0.857143  0.142857  0.000000 
 0.642857  0.000000  0.357143  0.000000 
 0.642857  0.000000  0.357143  0.000000 
 0.000000  0.071429  0.000000  0.928571 
 0.642857  0.000000  0.357143  0.000000 
 0.642857  0.000000  0.142857  0.214286 
 0.000000  0.357143  0.000000  0.642857 
 0.607143  0.000000  0.392857  0.000000 
 0.428571  0.000000  0.571429  0.000000 
 0.428571  0.000000  0.000000  0.571429 
 0.000000  0.000000  1.000000  0.000000 
 0.000000  0.214286  0.000000  0.785714 
 0.000000  0.214286  0.357143  0.428571 
 0.357143  0.214286  0.000000  0.428571 
 0.000000  0.000000  0.357143  0.642857 
 0.000000  0.571429  0.000000  0.428571 
 0.571429  0.000000  0.000000  0.428571 
 0.357143  0.000000  0.428571  0.214286 
 0.142857  0.000000  0.285714  0.571429 
 0.285714  0.357143  0.357143  0.000000 
 0.357143  0.214286  0.000000  0.428571 
 0.000000  0.357143  0.642857  0.000000 
 0.500000  0.357143  0.142857  0.000000 
 0.000000  0.214286  0.000000  0.785714 
 0.214286  0.000000  0.785714  0.000000 
 0.357143  0.000000  0.000000  0.642857 
 0.464286  0.000000  0.214286  0.321429 
 0.000000  0.000000  0.000000  1.000000 
 0.000000  0.000000  1.000000  0.000000 
 0.357143  0.000000  0.000000  0.642857 
 0.357143  0.000000  0.428571  0.214286 
 0.000000  0.357143  0.428571  0.214286 
 0.214286  0.785714  0.000000  0.000000 
 0.357143  0.321429  0.071429  0.250000 
 0.107143  0.000000  0.000000  0.892857 
 0.321429  0.321429  0.000000  0.357143 
 0.000000  0.428571  0.571429  0.000000 
 0.571429  0.428571  0.000000  0.000000 
 1.000000  0.000000  0.000000  0.000000 
 0.571429  0.000000  0.428571  0.000000 
 0.428571  0.000000  0.000000  0.571429 
 0.642857  0.000000  0.357143  0.000000 
 0.857143  0.000000  0.142857  0.000000 
 0.357143  0.000000  0.000000  0.642857 
 0.785714  0.214286  0.000000  0.000000 
 1.000000  0.000000  0.000000  0.000000 
 0.214286  0.000000  0.785714  0.000000 
 0.642857  0.000000  0.142857  0.214286 
 1.000000  0.000000  0.000000  0.000000 